1,P-900003,,,2,1,751,
2,P-900296,,,2,1,754,
3,P-900011,,,2,2,751,
4,P-900013,,,2,3,751,
5,P-900014,,,2,4,751,
6,P-900015,,,2,5,751,
7,P-900016,,,2,6,751,
8,P-900018,,,2,7,751,
9,P-900019,,,2,8,751,
10,P-900021,,,2,9,751,
11,P-900022,,,2,10,751,
12,P-900023,,,2,11,751,
13,P-900042-20-03,,,1,12,751,
14,P-900024,,,2,12,751,
15,P-900031,,,2,13,751,
16,P-900058,,,2,14,751,
17,P-900101,,,2,15,751,
18,P-900310-20-08,,,1,15,754,
19,P-900041-20-06,,,1,16,751,
20,P-900107,,,2,16,751,
21,P-900043-20-01,,,1,17,751,
22,P-900110,,,2,17,751,
23,P-900310-20-10,,,1,17,754,
24,P-900038-20-05,,,1,18,751,
25,P-900112,,,2,18,751,
26,P-900042-20-01,,,1,19,751,
27,P-900114,,,2,19,751,
28,P-900042-20-02,,,1,20,751,
29,P-900116,,,2,20,751,
30,P-900035-20-01,,,1,21,751,
31,P-900117,,,2,21,751,
32,P-900035-20-02,,,1,22,751,
33,P-900118,,,2,22,751,
34,P-900039-20-04,,,1,23,751,
35,P-900124,,,2,23,751,
36,P-900039-20-08,,,1,24,751,
37,P-900126,,,2,24,751,
38,P-900038-20-10,,,1,25,751,
39,P-900139,,,2,25,751,
40,P-900039-20-05,,,1,26,751,
41,P-900140,,,2,26,751,
42,P-900042-20-05,,,1,27,751,
43,P-900144,,,2,27,751,
44,P-900042-20-07,,,1,28,751,
45,P-900145,,,2,28,751,
46,P-900219,,,2,29,751,
47,P-900154,,,2,29,755,
48,P-900082-20-01,,,1,30,751,
49,P-900220,,,2,30,751,
50,P-900155,,,2,30,755,
51,P-900084-20-01,,,1,31,751,
52,P-900221,,,2,31,751,
53,P-900156,,,2,31,755,
54,P-900121-20-01,,,1,32,751,
55,P-900222,,,2,32,751,
56,P-900157,,,2,32,755,
57,P-900035-20-04,,,1,33,751,
58,P-900310-20-05,,,1,33,754,
59,P-900224,,,2,34,751,
60,P-900179,,,2,34,754,
61,P-900071-20-06,,,1,35,751,
62,P-900225,,,2,35,751,
63,P-900182,,,2,35,754,
64,P-900226,,,2,36,751,
65,P-900183,,,2,36,754,
66,P-900069-20-04,,,1,37,751,
67,P-900227,,,2,37,751,
68,P-900184,,,2,37,754,
69,P-900069-20-03,,,1,38,751,
70,P-900066-20-04,,,1,39,751,
71,P-900070-20-03,,,1,40,751,
72,P-900228,,,2,40,751,
73,P-900185,,,2,40,754,
74,P-900067-20-05,,,1,41,751,
75,P-900065-20-04,,,1,42,751,
76,P-900229,,,2,42,751,
77,P-900186,,,2,42,754,
78,P-900127-20-01,,,1,43,751,
79,P-900103,,,2,43,751,
80,P-900310-20-01,,,1,43,754,
81,P-900230,,,2,44,751,
82,P-900187,,,2,44,754,
83,P-900231,,,2,45,751,
84,P-900188,,,2,45,754,
85,P-900232,,,2,46,751,
86,P-900189,,,2,46,754,
87,P-900191,,,2,47,754,
88,P-900038-20-12,,,1,48,751,
89,P-900210,,,2,48,751,
90,P-900130-20-01,,,1,49,751,
91,P-900223,,,2,49,751,
92,P-900192-20-02,,,1,49,755,
93,P-900212,,,2,49,755,
94,P-900213-20-01,,,1,50,751,
95,P-900041-20-04,,,1,51,751,
96,P-900216,,,2,51,751,
97,P-900038-20-11,,,1,52,751,
98,P-900138,,,2,52,751,
99,P-900035-20-07,,,1,53,751,
100,P-900037-20-02,,,1,54,751,
101,P-900037-20-03,,,1,55,751,
102,P-900309,,,2,55,751,
103,P-900038-20-09,,,1,56,751,
104,P-900271,,,2,56,751,
105,P-900038-20-24,,,1,57,751,
106,P-900272,,,2,57,751,
107,P-900038-20-16,,,1,58,751,
108,P-900273,,,2,58,751,
109,P-900038-20-17,,,1,59,751,
110,P-900274,,,2,59,751,
111,P-900038-20-18,,,1,60,751,
112,P-900275,,,2,60,751,
113,P-900039-20-06,,,1,61,751,
114,P-900039-20-09,,,1,62,751,
115,P-900321,,,2,62,751,
116,P-900039-20-11,,,1,63,751,
117,P-900041-20-07,,,1,64,751,
118,P-900142,,,2,64,751,
119,P-900041-20-08,,,1,65,751,
120,P-900276,,,2,65,751,
121,P-900125-20-01,,,1,66,751,
122,P-900129-20-01,,,1,67,751,
123,P-900322,,,2,67,751,
124,P-900133-20-02,,,1,68,751,
125,P-900279,,,2,68,751,
126,P-900133-20-03,,,1,69,751,
127,P-900280,,,2,69,751,
128,P-900135-20-03,,,1,70,751,
129,P-900281,,,2,70,751,
130,P-900035-20-06,,,1,71,751,
131,P-900136-20-01,,,1,72,751,
132,P-900143,,,2,72,751,
133,P-900032-20-01,,,1,73,751,
134,P-900079-20-09,,,1,74,751,
135,P-900265,,,2,74,751,
136,P-900193-20-01,,,1,74,755,
137,P-900259,,,2,74,755,
138,P-900078-20-07,,,1,75,751,
139,P-900195-20-03,,,1,75,755,
140,P-900078-20-09,,,1,76,751,
141,P-900266,,,2,76,751,
142,P-900195-20-04,,,1,76,755,
143,P-900260,,,2,76,755,
144,P-900079-20-07,,,1,77,751,
145,P-900267,,,2,77,751,
146,P-900195-20-05,,,1,77,755,
147,P-900261,,,2,77,755,
148,P-900079-20-01,,,1,78,751,
149,P-900082-20-02,,,1,79,751,
150,P-900198-20-02,,,1,79,755,
151,P-900065-20-02,,,1,80,751,
152,P-900251,,,2,80,751,
153,P-900199-20-01,,,1,80,754,
154,P-900243,,,2,80,754,
155,P-900066-20-06,,,1,81,751,
156,P-900200-20-04,,,1,81,754,
157,P-900151-20-01,,,1,82,751,
158,P-900202-20-01,,,1,82,754,
159,P-900298-20-01,,,1,83,751,
160,P-900354,,,2,83,751,
161,P-900068-20-04,,,1,84,751,
162,P-900252,,,2,84,751,
163,P-900203-20-01,,,1,84,754,
164,P-900244,,,2,84,754,
165,P-900253,,,2,85,751,
166,P-700023,,,2,85,760,
167,P-900068-20-07,,,1,86,751,
168,P-900203-20-03,,,1,86,754,
169,P-900245,,,2,86,754,
170,P-900067-20-07,,,1,87,751,
171,P-900254,,,2,87,751,
172,P-900211-20-01,,,1,87,754,
173,P-900246,,,2,87,754,
174,P-900083-20-08,,,1,88,751,
175,P-900289-20-01,,,1,88,755,
176,P-900217-20-01,,,1,89,755,
177,P-900055,,,4,90,751,
178,P-900056,,,4,91,751,
179,P-900057,,,4,92,751,
180,P-900108,,,4,93,751,
181,P-900122,,,4,94,751,
182,P-900123,,,4,95,751,
183,P-900131,,,4,96,751,
184,P-900041-20-05,,,1,97,751,
185,P-900100,,,2,97,751,
186,P-900310-20-02,,,1,97,754,
187,P-700034,,,2,97,760,
188,P-900111-20-01,,,1,98,751,
189,P-900233,,,2,98,751,
190,P-900190-20-03,,,1,98,754,
191,P-700035,,,2,98,760,
192,P-900310-20-07,,,1,99,754,
193,P-900190-20-02,,,1,100,751,
194,P-900234,,,2,100,751,
195,P-900190-20-02,,,1,100,754,
196,P-700029,,,2,100,760,
197,P-900111-20-02,,,1,101,751,
198,P-900043-20-03,,,1,102,751,
199,P-900120,,,2,102,751,
200,P-900310-20-03,,,1,102,754,
201,P-700026,,,2,102,760,
202,P-900043-20-02,,,1,103,751,
203,P-900162,,,2,103,751,
204,P-900310-20-04,,,1,103,754,
205,P-700028,,,2,103,760,
206,P-900039-20-12,,,1,104,751,
207,P-900129-20-04,,,1,105,751,
208,P-900278,,,2,105,751,
209,P-900133-20-04,,,1,106,751,
210,P-900039-20-13,,,1,107,751,
211,P-900039-20-14,,,1,108,751,
212,P-900129-20-05,,,1,109,751,
213,P-900133-20-05,,,1,110,751,
214,P-900133-20-06,,,1,111,751,
215,P-900282,,,2,111,751,
216,P-900133-20-07,,,1,112,751,
217,P-900136-20-02,,,1,113,751,
218,P-900299-20-01,,,1,114,751,
219,P-900316,,,2,114,751,
220,P-700027,,,2,114,760,
221,P-900239-20-01,,,1,115,751,
222,P-900268,,,2,115,751,
223,P-900238-20-01,,,1,115,755,
224,P-700001,,,2,115,760,
225,P-900040-20-02,,,1,116,751,
226,P-900068-20-09,,,1,117,751,
227,P-900203-20-05,,,1,117,754,
228,P-900068-20-10,,,1,118,751,
229,P-900255,,,2,118,751,
230,P-900203-20-06,,,1,118,754,
231,P-900247,,,2,118,754,
232,P-900241-20-01,,,1,119,751,
233,P-900341,,,2,119,751,
234,P-900240-20-01,,,1,119,755,
235,P-900337,,,2,119,755,
236,P-900241-20-02,,,1,120,751,
237,P-900342,,,2,120,751,
238,P-900240-20-02,,,1,120,755,
239,P-900338,,,2,120,755,
240,P-900066-20-07,,,1,121,751,
241,P-900200-20-05,,,1,121,754,
242,P-900066-20-08,,,1,122,751,
243,P-900257,,,2,122,751,
244,P-900200-20-06,,,1,122,754,
245,P-900249,,,2,122,754,
246,P-900065-20-05,,,1,123,751,
247,P-900199-20-03,,,1,123,754,
248,P-900065-20-06,,,1,124,751,
249,P-900258,,,2,124,751,
250,P-900199-20-04,,,1,124,754,
251,P-900250,,,2,124,754,
252,P-900033-20-03,,,1,125,751,
253,P-900038-20-19,,,1,126,751,
254,P-900277,,,2,126,751,
255,P-900038-20-20,,,1,127,751,
256,P-900038-20-21,,,1,128,751,
257,P-900037-20-04,,,1,129,751,
258,P-900324,,,2,129,751,
259,P-900042-20-08,,,1,130,751,
260,P-900029-20-07,,,1,131,751,
261,P-900029-20-08,,,1,132,751,
262,P-900135-20-06,,,1,133,751,
263,P-900283,,,2,133,751,
264,P-900242-20-01,,,1,134,751,
265,P-900043-20-04,,,1,135,751,
266,P-900327,,,2,136,751,
267,P-900146-20-03,,,1,137,751,
268,P-900269,,,2,137,751,
269,P-900196-20-03,,,1,137,755,
270,P-900263,,,2,137,755,
271,P-900146-20-02,,,1,138,751,
272,P-900270,,,2,138,751,
273,P-900196-20-02,,,1,138,755,
274,P-900264,,,2,138,755,
275,P-900042-20-09,,,1,139,751,
276,P-900044-20-03,,,1,140,751,
277,P-900359,,,2,140,751,
278,P-900068-20-11,,,1,141,751,
279,P-900334,,,2,141,751,
280,P-900203-20-07,,,1,141,754,
281,P-900333,,,2,141,754,
282,P-900235,,,4,142,751,
283,P-900236,,,4,143,751,
284,P-900237,,,4,144,751,
285,P-900027,,,3,145,751,
286,P-900032-20-02,,,1,146,751,
287,P-900149,,,3,146,751,
288,P-900034-20-01,,,1,147,751,
289,P-900037-20-01,,,1,148,751,
290,P-900039-20-10,,,1,149,751,
291,P-900323,,,2,150,751,
292,P-900044-20-01,,,1,151,751,
293,P-900068-20-08,,,1,152,751,
294,P-900203-20-04,,,1,152,754,
295,P-900079-20-04,,,1,153,751,
296,P-900079-20-08,,,1,154,751,
297,P-900089-20-11,,,1,155,751,
298,P-900089-20-12,,,1,156,751,
299,P-900071-20-02,,,1,157,751,
300,P-900092,,,2,157,751,
301,P-900190-20-01,,,1,157,754,
302,P-900071-20-03,,,1,158,751,
303,P-900310-20-06,,,1,158,754,
304,P-900128-20-02,,,1,159,751,
305,P-900128-20-01,,,1,160,751,
306,P-900006,,,2,161,751,
307,P-900132,,,3,161,751,
308,P-900133-20-01,,,1,162,751,
309,P-900137,,,2,162,751,
310,P-900039-20-03,,,1,163,751,
311,P-900135-20-02,,,1,164,751,
312,P-900141,,,2,164,751,
313,P-900035-20-03,,,1,165,751,
314,P-900147,,,3,166,751,
315,P-900148,,,3,167,751,
316,P-900091-20-04,,,1,168,751,
317,P-900308,,,3,168,751,
318,P-900158,,,3,168,755,
319,P-900091-20-02,,,1,169,751,
320,P-900091-20-03,,,1,170,751,
321,P-900077-20-17,,,1,171,751,
322,P-900091-20-01,,,1,172,751,
323,P-900089-20-09,,,1,173,751,
324,P-900307,,,3,173,751,
325,P-900152,,,2,173,755,
326,P-900159,,,3,173,755,
327,P-900089-20-13,,,1,174,751,
328,P-900089-20-06,,,1,175,751,
329,P-900160,,,3,176,755,
330,P-900161,,,3,177,755,
331,P-900072-20-07,,,1,178,751,
332,P-900163,,,3,178,754,
333,P-900072-20-09,,,1,179,751,
334,P-900072-20-01,,,1,180,751,
335,P-900072-20-03,,,1,181,751,
336,P-900072-20-02,,,1,182,751,
337,P-900077-20-27,,,1,183,751,
338,P-900172,,,3,183,754,
339,P-900077-20-11,,,1,184,751,
340,P-900072-20-11,,,1,185,751,
341,P-900176,,,3,185,754,
342,P-900072-20-08,,,1,186,751,
343,P-900072-20-10,,,1,187,751,
344,P-900072-20-04,,,1,188,751,
345,P-900072-20-05,,,1,189,751,
346,P-900072-20-06,,,1,190,751,
347,P-900069-20-05,,,1,191,751,
348,P-900291,,,2,191,751,
349,P-900181,,,3,191,754,
350,P-900069-20-01,,,1,192,751,
351,P-900066-20-02,,,1,193,751,
352,P-900194-20-01,,,1,194,755,
353,P-900194-20-03,,,1,195,755,
354,P-900206,,,3,196,755,
355,P-900089-20-10,,,1,197,751,
356,P-900153,,,2,197,755,
357,P-900207,,,3,197,755,
358,P-900087-20-01,,,1,198,751,
359,P-900135-20-04,,,1,199,751,
360,P-900079-20-02,,,1,200,751,
361,P-900033-20-01,,,1,201,751,
362,P-900205,,,3,202,754,
363,P-900069-20-02,,,1,203,751,
364,P-900290,,,2,203,751,
365,P-900177,,,3,203,754,
366,P-900054,,,3,204,751,
367,P-900053,,,3,205,751,
368,P-900040-20-01,,,1,206,751,
369,P-900020,,,2,207,751,
370,P-900312,,,3,207,751,
371,P-900134-20-01,,,1,208,751,
372,P-900059-20-01,,,1,209,751,
373,P-900134-20-02,,,1,210,751,
374,P-900059-20-02,,,1,211,751,
375,P-900008,,,2,212,751,
376,P-900105,,,3,213,751,
377,P-900029-20-01,,,1,214,751,
378,P-900032-20-03,,,1,215,751,
379,P-900033-20-02,,,1,216,751,
380,P-900038-10-20,,,1,217,751,
381,P-900038-20-01,,,1,218,751,
382,P-900038-20-02,,,1,219,751,
383,P-900038-20-03,,,1,220,751,
384,P-900038-20-06,,,1,221,751,
385,P-900038-20-07,,,1,222,751,
386,P-900038-20-08,,,1,223,751,
387,P-900038-20-14,,,1,224,751,
388,P-900039-20-01,,,1,225,751,
389,P-900039-20-02,,,1,226,751,
390,P-900041-10-20,,,1,227,751,
391,P-900041-20-01,,,1,228,751,
392,P-900041-20-03,,,1,229,751,
393,P-900042-10-20,,,1,227,751,
394,P-900042-20-04,,,1,231,751,
395,P-900042-20-06,,,1,232,751,
396,P-900043-20-03,,,1,102,751,
397,P-900044-20-02,,,1,234,751,
398,P-900066-20-03,,,1,235,751,
399,P-900066-20-05,,,1,236,751,
400,P-900256,,,2,236,751,
401,P-900248,,,2,236,754,
402,P-900067-20-01,,,1,237,751,
403,P-900067-20-03,,,1,238,751,
404,P-900067-20-04,,,1,239,751,
405,P-900067-20-06,,,1,240,751,
406,P-900068-10-10,,,1,241,751,
407,P-900068-20-01,,,1,242,751,
408,P-900068-20-03,,,1,243,751,
409,P-900068-20-06,,,1,244,751,
410,P-900071-20-01,,,1,245,751,
411,P-900072-10-10,,,1,241,751,
412,P-900072-10-20,,,1,227,751,
413,P-900077-20-01,,,1,248,751,
414,P-900077-20-02,,,1,249,751,
415,P-900077-20-03,,,1,250,751,
416,P-900077-20-04,,,1,251,751,
417,P-900077-20-08,,,1,252,751,
418,P-900077-20-15,,,1,253,751,
419,P-900077-20-16,,,1,254,751,
420,P-900077-20-24,,,1,255,751,
421,P-900077-20-26,,,1,256,751,
422,P-900078-20-01,,,1,257,751,
423,P-900078-20-02,,,1,258,751,
424,P-900078-20-03,,,1,259,751,
425,P-900078-20-05,,,1,260,751,
426,P-900078-20-06,,,1,261,751,
427,P-900079-20-03,,,1,262,751,
428,P-900083-20-01,,,1,263,751,
429,P-900083-20-07,,,1,264,751,
430,P-900089-20-01,,,1,265,751,
431,P-900306,,,3,265,751,
432,P-900305,,,3,265,755,
433,P-900089-20-02,,,1,266,751,
434,P-900089-20-03,,,1,267,751,
435,P-900089-20-05,,,1,268,751,
436,P-900089-20-04,,,1,269,751,
437,P-900089-20-07,,,1,270,751,
438,P-900089-20-08,,,1,271,751,
439,P-900111-10-10,,,1,241,751,
440,P-900133-10-20,,,1,227,751,
441,P-900146-20-01,,,1,274,751,
442,P-900196-20-01,,,1,274,755,
443,P-900196-10-20,,,1,227,755,
444,P-900009,,,2,276,751,
445,P-900025,,,3,277,751,
446,P-900026,,,3,278,751,
447,P-900028,,,3,279,751,
448,P-900076-20-01,,,1,280,751,
449,P-900045,,,3,280,751,
450,P-900046,,,3,281,751,
451,P-900047,,,3,282,751,
452,P-900048,,,3,283,751,
453,P-900049,,,3,284,751,
454,P-900050,,,3,285,751,
455,P-900051,,,3,286,751,
456,P-900052,,,3,287,751,
457,P-900069-10-10,,,1,241,751,
458,P-900069-10-20,,,1,227,751,
459,P-900070-10-10,,,1,241,751,
460,P-900071-10-10,,,1,241,751,
461,P-900071-10-20,,,1,227,751,
462,P-900071-20-04,,,1,293,751,
463,P-900073-10-10,,,1,241,751,
464,P-900073-20-02,,,1,295,751,
465,P-900073-20-03,,,1,296,751,
466,P-900074-20-01,,,1,297,751,
467,P-900074-20-02,,,1,298,751,
468,P-900075-20-02,,,1,299,751,
469,P-900075-20-03,,,1,300,751,
470,P-900075-20-04,,,1,301,751,
471,P-900075-20-05,,,1,302,751,
472,P-900080-10-20,,,1,227,751,
473,P-900085-10-10,,,1,241,751,
474,P-900085-10-20,,,1,227,751,
475,P-900085-20-02,,,1,160,751,
476,P-900086-20-03,,,1,307,751,
477,P-900093,,,3,308,751,
478,P-900094,,,3,309,751,
479,P-900095,,,3,310,751,
480,P-900096,,,3,311,751,
481,P-900097,,,3,312,751,
482,P-900010,,,2,313,751,
483,P-900098,,,3,313,751,
484,P-900099,,,3,314,751,
485,P-900102,,,3,315,751,
486,P-900104,,,3,316,751,
487,P-900106,,,3,317,751,
488,P-900109,,,3,318,751,
489,P-900004,,,2,319,751,
490,P-900113,,,3,319,751,
491,P-900121-20-04,,,1,320,751,
492,P-900150,,,3,321,751,
493,P-900077-20-18,,,1,322,751,
494,P-900297,,,3,322,751,
495,P-900165,,,3,322,754,
496,P-900077-20-25,,,1,323,751,
497,P-900166,,,3,323,754,
498,P-900068-20-02,,,1,324,751,
499,P-900077-20-05,,,1,325,751,
500,P-900077-20-06,,,1,326,751,
501,P-900077-20-25,,,1,327,751,
502,P-900077-20-19,,,1,328,751,
503,P-900167,,,3,328,754,
504,P-900073-20-01,,,1,329,751,
505,P-900168,,,3,329,754,
506,P-900169,,,3,330,754,
507,P-900077-20-07,,,1,331,751,
508,P-900170,,,3,331,754,
509,P-900077-20-09,,,1,332,751,
510,P-900171,,,3,332,754,
511,P-900077-20-10,,,1,333,751,
512,P-900077-20-20,,,1,334,751,
513,P-900077-20-21,,,1,335,751,
514,P-900077-20-12,,,1,336,751,
515,P-900215,,,3,336,751,
516,P-900173,,,3,336,754,
517,P-900077-20-14,,,1,337,751,
518,P-900077-20-13,,,1,338,751,
519,P-900077-20-22,,,1,339,751,
520,P-900077-20-28,,,1,340,751,
521,P-900075-20-10,,,1,341,751,
522,P-900175,,,3,341,754,
523,P-900075-20-15,,,1,342,751,
524,P-900075-20-12,,,1,343,751,
525,P-900075-20-11,,,1,344,751,
526,P-900077-20-23,,,1,345,751,
527,P-900178,,,3,345,754,
528,P-900075-20-16,,,1,346,751,
529,P-900292,,,2,346,751,
530,P-900180,,,3,346,754,
531,P-900218,,,3,347,751,
532,P-900000,,,2,348,751,
533,P-900012,,,2,349,751,
534,P-900127,,,2,350,751,
535,P-900075-20-07,,,1,351,751,
536,P-900174,,,3,351,754,
537,P-900075-20-08,,,1,352,751,
538,P-900075-20-09,,,1,353,751,
539,P-900001,,,2,354,751,
540,P-900208,,,3,354,751,
541,P-900209,,,3,355,751,
542,P-900285,,,2,356,751,
543,P-900284,,,3,356,755,
544,P-900135-20-01,,,1,357,751,
545,P-900286,,,3,357,751,
546,P-900035-20-05,,,1,358,751,
547,P-900287,,,3,359,751,
548,P-900017,,,2,360,751,
549,P-900293,,,3,360,751,
550,P-900310-20-09,,,1,360,754,
551,P-900005,,,2,361,751,
552,P-900294,,,3,361,751,
553,P-900002,,,2,362,751,
554,P-900295,,,3,362,751,
555,P-900298-20-01,,,1,363,754,
556,P-900070-20-01,,,1,364,751,
557,P-900070-20-02,,,1,239,751,
558,P-900071-20-05,,,1,366,751,
559,P-900075-20-14,,,1,367,751,
560,P-900080-20-04,,,1,368,751,
561,P-900085-20-01,,,1,369,751,
562,P-900086-20-01,,,1,370,751,
563,P-900078-20-11,,,1,371,751,
564,P-900193-10-20,,,1,372,755,
565,P-900079-20-10,,,1,373,751,
566,P-900193-20-02,,,1,373,755,
567,P-900007,,,2,374,751,
568,P-900302,,,3,374,751,
569,P-900078-20-04,,,1,375,751,
570,P-900119,,,2,375,751,
571,P-900164,,,3,376,754,
572,P-900029-20-02,,,1,377,751,
573,P-900029-20-03,,,1,378,751,
574,P-900029-20-04,,,1,379,751,
575,P-900029-20-05,,,1,380,751,
576,P-900029-20-06,,,1,381,751,
577,P-900029-20-09,,,1,382,751,
578,P-900318,,,2,382,751,
579,P-900029-20-10,,,1,383,751,
580,P-900029-20-11,,,1,384,751,
581,P-900030-20-01,,,1,385,751,
582,P-900036-20-01,,,1,386,751,
583,P-900038-20-04,,,1,387,751,
584,P-900038-20-13,,,1,388,751,
585,P-900038-20-15,,,1,389,751,
586,P-900038-20-22,,,1,390,751,
587,P-900039-20-15,,,1,391,751,
588,P-900039-20-16,,,1,392,751,
589,P-900039-20-17,,,1,393,751,
590,P-900040-20-03,,,1,394,751,
591,P-900041-20-02,,,1,395,751,
592,P-900129-20-02,,,1,396,751,
593,P-900129-20-03,,,1,397,751,
594,P-900135-20-05,,,1,398,751,
595,P-900314-20-01,,,1,399,751,
596,P-900314-20-02,,,1,400,751,
597,P-900315-20-01,,,1,401,751,
598,P-900065-20-03,,,1,402,751,
599,P-900199-20-02,,,1,402,754,
600,P-900066-20-01,,,1,403,751,
601,P-900200-20-01,,,1,403,754,
602,P-900200-20-02,,,1,404,754,
603,P-900200-20-03,,,1,405,754,
604,P-900204-20-01,,,1,406,754,
605,P-900204-20-02,,,1,407,754,
606,P-900204-20-03,,,1,408,754,
607,P-900130-20-02,,,1,409,751,
608,P-900192-20-01,,,1,409,755,
609,P-900194-20-02,,,1,410,755,
610,P-900343,,,2,411,751,
611,P-900195-20-01,,,1,411,755,
612,P-900339,,,2,411,755,
613,P-900078-20-08,,,1,412,751,
614,P-900195-20-02,,,1,412,755,
615,P-900078-20-10,,,1,413,751,
616,P-900344,,,2,413,751,
617,P-900195-20-06,,,1,413,755,
618,P-900340,,,2,413,755,
619,P-900362,,,2,414,751,
620,P-900195-20-07,,,1,414,755,
621,P-900363,,,2,414,755,
622,P-900078-20-12,,,1,415,751,
623,P-900195-20-08,,,1,415,755,
624,P-900078-20-13,,,1,416,751,
625,P-900195-20-09,,,1,416,755,
626,P-900115-20-01,,,1,417,751,
627,P-900197-20-01,,,1,417,755,
628,P-900082-20-03,,,1,418,751,
629,P-900198-20-01,,,1,418,755,
630,P-900082-20-04,,,1,419,751,
631,P-900198-20-03,,,1,419,755,
632,P-900065-20-01,,,1,420,751,
633,P-900067-20-02,,,1,421,751,
634,P-900068-20-05,,,1,422,751,
635,P-900075-20-01,,,1,423,751,
636,P-900075-20-13,,,1,424,751,
637,P-900304,,,3,424,751,
638,P-900303,,,3,424,754,
639,P-900075-20-06,,,1,425,751,
640,P-900079-20-05,,,1,426,751,
641,P-900079-20-06,,,1,427,751,
642,P-900080-20-01,,,1,428,751,
643,P-900080-20-02,,,1,429,751,
644,P-900081-20-01,,,1,430,751,
645,P-900083-20-02,,,1,431,751,
646,P-900083-20-03,,,1,432,751,
647,P-900083-20-04,,,1,433,751,
648,P-900083-20-05,,,1,434,751,
649,P-900083-20-06,,,1,435,751,
650,P-900088-20-01,,,1,436,751,
651,P-900090-20-01,,,1,437,751,
652,P-900288-20-01,,,1,438,751,
653,P-900313,,,4,439,751,
654,P-900300,,,3,440,751,
655,P-900301,,,3,441,751,
656,P-900311,,,3,442,751,
657,P-900214,,,3,443,754,
658,P-900299-20-02,,,1,444,751,
659,P-800001-20-01,,,1,444,755,
660,P-900039-20-18,,,1,445,751,
661,P-900040-20-04,,,1,446,751,
662,P-900129-20-06,,,1,447,751,
663,P-900133-20-08,,,1,448,751,
664,P-900136-20-03,,,1,449,751,
665,P-900033-20-04,,,1,450,751,
666,P-900038-20-23,,,1,451,751,
667,P-900037-20-05,,,1,452,751,
668,P-900029-20-12,,,1,453,751,
669,P-900044-20-04,,,1,454,751,
670,P-900042-20-10,,,1,455,751,
671,P-900314-20-03,,,1,456,751,
672,P-900242-20-02,,,1,457,751,
673,P-900041-20-09,,,1,458,751,
674,P-900034-20-02,,,1,459,751,
675,P-900347-20-01,,,1,460,751,
676,P-900351-20-01,,,1,461,751,
677,P-900350-20-01,,,1,462,751,
678,P-900349-20-01,,,1,462,755,
679,P-900135-20-07,,,1,463,751,
680,P-900134-20-03,,,1,464,751,
681,P-900348-20-01,,,1,465,751,
682,P-900068-20-13,,,1,466,751,
683,P-900203-20-09,,,1,466,754,
684,P-900346-20-01,,,1,467,751,
685,P-900241-20-03,,,1,468,751,
686,P-900240-20-03,,,1,468,755,
687,P-900345-20-01,,,1,469,751,
688,P-800002-20-01,,,1,469,755,
689,P-900146-20-04,,,1,470,751,
690,P-900196-20-04,,,1,470,755,
691,P-900079-20-11,,,1,471,751,
692,P-900193-20-03,,,1,471,755,
693,P-900078-20-15,,,1,472,751,
694,P-900195-20-11,,,1,472,755,
695,P-900082-20-05,,,1,473,751,
696,P-900198-20-04,,,1,473,755,
697,P-900130-20-03,,,1,474,751,
698,P-900192-20-03,,,1,474,755,
699,P-900115-20-03,,,1,475,751,
700,P-900197-20-03,,,1,475,755,
701,P-900288-20-03,,,1,476,751,
702,P-800003-20-01,,,1,476,755,
703,P-800004-20-01,,,1,477,755,
704,P-800005-20-01,,,1,478,755,
705,P-800006-20-01,,,1,479,755,
706,P-800007-20-01,,,1,480,755,
707,P-900352-20-01,,,1,481,751,
708,P-800008-20-01,,,1,482,755,
709,P-800009-20-01,,,1,483,755,
710,P-900353-20-01,,,1,484,751,
711,P-800010-20-01,,,1,485,755,
712,P-900325,,,2,486,751,
713,P-900326,,,2,487,751,
714,P-900328,,,2,488,751,
715,P-900329,,,2,489,751,
716,P-900330,,,2,490,751,
717,P-900336,,,2,491,751,
718,P-900335,,,2,491,754,
719,P-900320,,,2,492,751,
720,P-700002,,,2,492,760,
721,P-700003,,,2,493,760,
722,P-700004,,,2,494,760,
723,P-700006,,,2,495,760,
724,P-700007,,,2,496,760,
725,P-700008,,,2,497,760,
726,P-700009,,,2,498,760,
727,P-700010,,,2,499,760,
728,P-700011,,,2,500,760,
729,P-700012,,,2,501,760,
730,P-700013,,,2,502,760,
731,P-700014,,,2,503,760,
732,P-700015,,,2,504,760,
733,P-700016,,,2,505,760,
734,P-900331,,,2,506,751,
735,P-900332,,,2,507,751,
736,P-700017,,,2,508,761,
737,P-700018,,,2,509,761,
738,P-900355,,,3,510,751,
739,P-900356,,,3,511,751,
740,P-700019,,,2,512,760,
741,P-700020,,,2,513,760,
742,P-700021,,,2,514,761,
743,P-700022,,,2,515,761,
744,P-700024,,,2,516,761,
745,P-700025,,,2,517,760,
746,P-700030,,,2,518,760,
747,P-900357,,,2,519,751,
748,P-900358,,,2,520,751,
749,P-900367,,,2,520,755,
750,P-900360,,,2,521,751,
751,P-900368,,,2,521,755,
752,P-900361,,,2,522,751,
753,P-900067-20-09,,,1,523,751,
754,P-900211-20-03,,,1,523,754,
755,P-700031,,,3,524,760,
756,P-700032,,,3,525,760,
757,P-700033,,,3,526,761,
758,P-700036,,,3,527,760,
759,P-700037,,,3,528,760,
760,P-900364,,,3,529,751,
761,P-900365,,,2,530,751,
762,P-900366,,,2,530,755,
763,P-900090-20-02,,,1,531,751,
764,P-900067-20-08,,,1,532,751,
765,P-900211-20-02,,,1,532,755,
766,P-900288-20-02,,,1,533,751,
