6,1
12,2
13,2
14,2
15,2
16,2
17,2
18,2
19,2
20,2
21,2
22,2
23,2
24,2
28,2
29,2
30,2
31,2
32,2
33,2
34,2
35,2
36,2
37,2
60,3
61,4
62,2
63,2
64,2
65,2
66,2
67,2
68,2
69,2
70,2
71,2
72,2
73,2
76,2
77,2
78,2
79,2
80,2
81,2
82,2
83,2
84,2
85,2
86,2
87,2
88,2
89,2
90,2
91,2
92,2
93,2
94,2
95,2
96,2
97,2
98,2
99,2
102,2
103,2
104,2
105,2
106,2
107,5
108,2
109,2
110,2
111,2
112,2
113,2
114,2
115,2
116,2
117,2
118,2
119,2
120,2
121,6
122,7
123,6
124,6
125,6
126,6
127,6
128,6
129,6
130,6
131,6
132,6
133,8
134,8
135,8
136,8
137,8
138,8
139,8
140,8
141,8
142,8
143,8
144,8
145,8
146,8
147,8
148,9
149,9
150,9
151,9
152,9
155,2
156,10
157,2
158,2
159,2
160,2
161,2
162,3
163,2
164,2
165,2
166,2
167,2
168,2
169,2
170,2
171,3
172,4
173,11
174,3
175,4
176,11
177,12
178,3
180,13
188,14
189,14
190,14
191,3
192,4
197,15
199,15
200,16
205,17
209,4
